([[0.66754682, 0.33245318],
       [0.62832247, 0.37167753],
       [0.67266707, 0.32733293],
       [0.41823024, 0.58176976],
       [0.41004499, 0.58995501],
       [0.68350752, 0.31649248],
       [0.25730693, 0.74269307],
       [0.58594923, 0.41405077],
       [0.49007421, 0.50992579],
       [0.59939861, 0.40060139],
       [0.53887264, 0.46112736],
       [0.33246751, 0.66753249],
       [0.72588771, 0.27411229],
       [0.23006995, 0.76993005],
       [0.60141689, 0.39858311],
       [0.34170328, 0.65829672],
       [0.50468594, 0.49531406],
       [0.4599027 , 0.5400973 ],
       [0.5541404 , 0.4458596 ],
       [0.58372737, 0.41627263],
       [0.61558294, 0.38441706],
       [0.24256228, 0.75743772],
       [0.2063512 , 0.7936488 ],
       [0.47480577, 0.52519423],
       [0.47154271, 0.52845729],
       [0.33822002, 0.66177998],
       [0.26137981, 0.73862019],
       [0.89167712, 0.10832288],
       [0.23643868, 0.76356132],
       [0.3945548 , 0.6054452 ],
       [0.57790878, 0.42209122],
       [0.29946841, 0.70053159],
       [0.26278004, 0.73721996],
       [0.58736489, 0.41263511],
       [0.26566957, 0.73433043],
       [0.18015217, 0.81984783],
       [0.50743962, 0.49256038],
       [0.64554665, 0.35445335],
       [0.23887459, 0.76112541],
       [0.43393265, 0.56606735],
       [0.43700509, 0.56299491],
       [0.64851538, 0.35148462],
       [0.65699224, 0.34300776],
       [0.45697819, 0.54302181],
       [0.53846352, 0.46153648],
       [0.39842444, 0.60157556],
       [0.51623406, 0.48376594],
       [0.70380194, 0.29619806],
       [0.44442422, 0.55557578],
       [0.85711251, 0.14288749],
       [0.43833824, 0.56166176],
       [0.49302114, 0.50697886],
       [0.3944789 , 0.6055211 ],
       [0.56271942, 0.43728058],
       [0.53101466, 0.46898534],
       [0.51103623, 0.48896377],
       [0.54749474, 0.45250526],
       [0.45351854, 0.54648146],
       [0.55939498, 0.44060502],
       [0.50869459, 0.49130541],
       [0.42406616, 0.57593384],
       [0.36868031, 0.63131969],
       [0.22363651, 0.77636349],
       [0.29670121, 0.70329879],
       [0.47885542, 0.52114458],
       [0.28691862, 0.71308138],
       [0.65729602, 0.34270398],
       [0.47694792, 0.52305208],
       [0.25540018, 0.74459982],
       [0.40744412, 0.59255588],
       [0.34329609, 0.65670391],
       [0.23956985, 0.76043015],
       [0.48727643, 0.51272357],
       [0.42246926, 0.57753074],
       [0.28014989, 0.71985011],
       [0.50141284, 0.49858716],
       [0.41843868, 0.58156132],
       [0.63069334, 0.36930666],
       [0.6393838 , 0.3606162 ],
       [0.4595155 , 0.5404845 ],
       [0.59043977, 0.40956023],
       [0.50533447, 0.49466553],
       [0.22117329, 0.77882671],
       [0.4048902 , 0.5951098 ],
       [0.56356247, 0.43643753],
       [0.67179496, 0.32820504],
       [0.49168465, 0.50831535],
       [0.53549925, 0.46450075],
       [0.35983046, 0.64016954],
       [0.24384943, 0.75615057],
       [0.6999786 , 0.3000214 ],
       [0.6235366 , 0.3764634 ],
       [0.84740699, 0.15259301],
       [0.27844213, 0.72155787],
       [0.19867938, 0.80132062],
       [0.54077302, 0.45922698],
       [0.3941972 , 0.6058028 ],
       [0.5994688 , 0.4005312 ],
       [0.46969182, 0.53030818],
       [0.57286804, 0.42713196],
       [0.5819427 , 0.4180573 ],
       [0.58159992, 0.41840008],
       [0.27819993, 0.72180007],
       [0.41180208, 0.58819792],
       [0.47087115, 0.52912885],
       [0.27753455, 0.72246545],
       [0.4903237 , 0.5096763 ],
       [0.34449351, 0.65550649],
       [0.41833047, 0.58166953],
       [0.15710467, 0.84289533],
       [0.586985  , 0.413015  ],
       [0.44251254, 0.55748746],
       [0.21708641, 0.78291359],
       [0.23291161, 0.76708839],
       [0.51365927, 0.48634073],
       [0.69680054, 0.30319946],
       [0.61921172, 0.38078828],
       [0.5511403 , 0.4488597 ],
       [0.53098054, 0.46901946],
       [0.83855935, 0.16144065],
       [0.50431806, 0.49568194],
       [0.41282114, 0.58717886],
       [0.73280572, 0.26719428],
       [0.62561584, 0.37438416],
       [0.13267704, 0.86732296],
       [0.2653311 , 0.7346689 ],
       [0.32590442, 0.67409558],
       [0.48698445, 0.51301555],
       [0.16585418, 0.83414582],
       [0.58837854, 0.41162146],
       [0.55285994, 0.44714006],
       [0.83437952, 0.16562048],
       [0.71125575, 0.28874425],
       [0.51682402, 0.48317598],
       [0.62059644, 0.37940356],
       [0.90038766, 0.09961234],
       [0.5827039 , 0.4172961 ],
       [0.66423953, 0.33576047],
       [0.70208539, 0.29791461],
       [0.22402444, 0.77597556],
       [0.425312  , 0.574688  ],
       [0.86508752, 0.13491248],
       [0.54468066, 0.45531934],
       [0.25427397, 0.74572603],
       [0.4278994 , 0.5721006 ],
       [0.3518173 , 0.6481827 ],
       [0.2026119 , 0.7973881 ],
       [0.35301912, 0.64698088],
       [0.16380942, 0.83619058],
       [0.49231681, 0.50768319],
       [0.59480119, 0.40519881],
       [0.24583836, 0.75416164],
       [0.19753269, 0.80246731],
       [0.7316166 , 0.2683834 ],
       [0.35082232, 0.64917768],
       [0.45709453, 0.54290547],
       [0.6800284 , 0.3199716 ],
       [0.59776737, 0.40223263],
       [0.61734045, 0.38265955],
       [0.55681462, 0.44318538],
       [0.50515867, 0.49484133],
       [0.47188943, 0.52811057],
       [0.57975502, 0.42024498],
       [0.24123334, 0.75876666],
       [0.37115234, 0.62884766],
       [0.50016771, 0.49983229],
       [0.44024313, 0.55975687],
       [0.63678916, 0.36321084],
       [0.54628897, 0.45371103],
       [0.29842316, 0.70157684],
       [0.73128402, 0.26871598],
       [0.34601019, 0.65398981],
       [0.36775158, 0.63224842],
       [0.20643034, 0.79356966],
       [0.82537625, 0.17462375],
       [0.62055555, 0.37944445],
       [0.51475076, 0.48524924],
       [0.22348953, 0.77651047],
       [0.56724569, 0.43275431],
       [0.59664229, 0.40335771],
       [0.33032306, 0.66967694],
       [0.54677436, 0.45322564],
       [0.54955728, 0.45044272],
       [0.67697206, 0.32302794],
       [0.59387968, 0.40612032],
       [0.53500428, 0.46499572],
       [0.29802667, 0.70197333],
       [0.70895973, 0.29104027],
       [0.81207227, 0.18792773],
       [0.56696982, 0.43303018],
       [0.68281821, 0.31718179],
       [0.55134156, 0.44865844],
       [0.55072509, 0.44927491],
       [0.18859768, 0.81140232],
       [0.12347747, 0.87652253],
       [0.50177726, 0.49822274],
       [0.62268799, 0.37731201],
       [0.62160121, 0.37839879],
       [0.62913843, 0.37086157],
       [0.4886385 , 0.5113615 ],
       [0.32823339, 0.67176661],
       [0.83439996, 0.16560004],
       [0.47983783, 0.52016217],
       [0.65285247, 0.34714753],
       [0.29619338, 0.70380662],
       [0.41696812, 0.58303188],
       [0.24797579, 0.75202421],
       [0.21919879, 0.78080121],
       [0.2122297 , 0.7877703 ],
       [0.35077462, 0.64922538],
       [0.56710922, 0.43289078],
       [0.55346525, 0.44653475],
       [0.60873244, 0.39126756],
       [0.33221703, 0.66778297],
       [0.46834126, 0.53165874],
       [0.24261299, 0.75738701],
       [0.49322187, 0.50677813],
       [0.55095633, 0.44904367],
       [0.52621475, 0.47378525],
       [0.65935743, 0.34064257],
       [0.42100425, 0.57899575],
       [0.57012458, 0.42987542],
       [0.2874658 , 0.7125342 ],
       [0.2939981 , 0.7060019 ],
       [0.63519787, 0.36480213],
       [0.27408626, 0.72591374],
       [0.30183837, 0.69816163],
       [0.58715168, 0.41284832],
       [0.19832272, 0.80167728],
       [0.48741728, 0.51258272],
       [0.2429887 , 0.7570113 ],
       [0.28217071, 0.71782929],
       [0.56111957, 0.43888043],
       [0.4334369 , 0.5665631 ],
       [0.5468497 , 0.4531503 ],
       [0.34057607, 0.65942393],
       [0.27474708, 0.72525292],
       [0.19260936, 0.80739064],
       [0.31593752, 0.68406248],
       [0.44375138, 0.55624862],
       [0.41774169, 0.58225831],
       [0.53122512, 0.46877488],
       [0.67633975, 0.32366025],
       [0.67332344, 0.32667656],
       [0.74661157, 0.25338843],
       [0.29259689, 0.70740311],
       [0.72106048, 0.27893952],
       [0.51737933, 0.48262067],
       [0.49743568, 0.50256432],
       [0.4778805 , 0.5221195 ],
       [0.33455   , 0.66545   ],
       [0.4064357 , 0.5935643 ],
       [0.35568476, 0.64431524],
       [0.4636849 , 0.5363151 ],
       [0.5781644 , 0.4218356 ],
       [0.60358146, 0.39641854],
       [0.34182446, 0.65817554],
       [0.60442163, 0.39557837],
       [0.3114635 , 0.6885365 ],
       [0.38518856, 0.61481144],
       [0.69242335, 0.30757665],
       [0.55595994, 0.44404006],
       [0.49356742, 0.50643258],
       [0.5298749 , 0.4701251 ],
       [0.60364786, 0.39635214],
       [0.43403093, 0.56596907],
       [0.67919771, 0.32080229],
       [0.59751076, 0.40248924]])
